2, 3, __, 7, 11;5
3, 5, __, 11, 13;7
5, 7, __, 13, 17;11
7, 11, __, 17, 19;13
11, 13, __, 19, 23;17
13, 17, __, 23, 29;19
17, 19, __, 29, 31;23
19, 23, __, 31, 37;29
23, 29, __, 37, 41;31
29, 31, __, 41, 43;37
31, 37, __, 43, 47;41
37, 41, __, 47, 53;43
41, 43, __, 53, 59;47
43, 47, __, 59, 61;53
47, 53, __, 61, 67;59
53, 59, __, 67, 71;61
59, 61, __, 71, 73;67
61, 67, __, 73, 79;71
67, 71, __, 79, 83;73
71, 73, __, 83, 89;79
73, 79, __, 89, 97;83
79, 83, __, 97, 101;89
83, 89, __, 101, 103;97
89, 97, __, 103, 107;101
97, 101, __, 107, 109;103
101, 103, __, 109, 113;107
103, 107, __, 113, 127;109
107, 109, __, 127, 131;113
109, 113, __, 131, 137;127
113, 127, __, 137, 139;131
127, 131, __, 139, 149;137
131, 137, __, 149, 151;139
137, 139, __, 151, 157;149
139, 149, __, 157, 163;151
149, 151, __, 163, 167;157
151, 157, __, 167, 173;163
157, 163, __, 173, 179;167
163, 167, __, 179, 181;173
167, 173, __, 181, 191;179
173, 179, __, 191, 193;181
179, 181, __, 193, 197;191
181, 191, __, 197, 199;193
191, 193, __, 199, 211;197
193, 197, __, 211, 223;199
197, 199, __, 223, 227;211
199, 211, __, 227, 229;223
211, 223, __, 229, 233;227
223, 227, __, 233, 239;229
227, 229, __, 239, 241;233
229, 233, __, 241, 251;239
233, 239, __, 251, 257;241
239, 241, __, 257, 263;251
241, 251, __, 263, 269;257
251, 257, __, 269, 271;263
257, 263, __, 271, 277;269
263, 269, __, 277, 281;271
269, 271, __, 281, 283;277
271, 277, __, 283, 293;281
277, 281, __, 293, 307;283
281, 283, __, 307, 311;293
283, 293, __, 311, 313;307
293, 307, __, 313, 317;311
307, 311, __, 317, 331;313
311, 313, __, 331, 337;317
313, 317, __, 337, 347;331
317, 331, __, 347, 349;337
331, 337, __, 349, 353;347
337, 347, __, 353, 359;349
347, 349, __, 359, 367;353
349, 353, __, 367, 373;359
353, 359, __, 373, 379;367
359, 367, __, 379, 383;373
367, 373, __, 383, 389;379
373, 379, __, 389, 397;383
379, 383, __, 397, 401;389
383, 389, __, 401, 409;397
389, 397, __, 409, 419;401
397, 401, __, 419, 421;409
401, 409, __, 421, 431;419
409, 419, __, 431, 433;421
419, 421, __, 433, 439;431
421, 431, __, 439, 443;433
431, 433, __, 443, 449;439
433, 439, __, 449, 457;443
439, 443, __, 457, 461;449
443, 449, __, 461, 463;457
449, 457, __, 463, 467;461
457, 461, __, 467, 479;463
461, 463, __, 479, 487;467
463, 467, __, 487, 491;479
467, 479, __, 491, 499;487
479, 487, __, 499, 503;491
487, 491, __, 503, 509;499
491, 499, __, 509, 521;503
499, 503, __, 521, 523;509
503, 509, __, 523, 541;521
509, 521, __, 541, 547;523
521, 523, __, 547, 557;541
523, 541, __, 557, 563;547
541, 547, __, 563, 569;557
547, 557, __, 569, 571;563
557, 563, __, 571, 577;569
563, 569, __, 577, 587;571
569, 571, __, 587, 593;577
571, 577, __, 593, 599;587
577, 587, __, 599, 601;593
587, 593, __, 601, 607;599
593, 599, __, 607, 613;601
599, 601, __, 613, 617;607
601, 607, __, 617, 619;613
607, 613, __, 619, 631;617
613, 617, __, 631, 641;619
617, 619, __, 641, 643;631
619, 631, __, 643, 647;641
631, 641, __, 647, 653;643
641, 643, __, 653, 659;647
643, 647, __, 659, 661;653
647, 653, __, 661, 673;659
653, 659, __, 673, 677;661
659, 661, __, 677, 683;673
661, 673, __, 683, 691;677
673, 677, __, 691, 701;683
677, 683, __, 701, 709;691
683, 691, __, 709, 719;701
691, 701, __, 719, 727;709
701, 709, __, 727, 733;719
709, 719, __, 733, 739;727
719, 727, __, 739, 743;733
727, 733, __, 743, 751;739
733, 739, __, 751, 757;743
739, 743, __, 757, 761;751
743, 751, __, 761, 769;757
751, 757, __, 769, 773;761
757, 761, __, 773, 787;769
761, 769, __, 787, 797;773
769, 773, __, 797, 809;787
773, 787, __, 809, 811;797
787, 797, __, 811, 821;809
797, 809, __, 821, 823;811
809, 811, __, 823, 827;821
811, 821, __, 827, 829;823
821, 823, __, 829, 839;827
823, 827, __, 839, 853;829
827, 829, __, 853, 857;839
829, 839, __, 857, 859;853
839, 853, __, 859, 863;857
853, 857, __, 863, 877;859
857, 859, __, 877, 881;863
859, 863, __, 881, 883;877
863, 877, __, 883, 887;881
877, 881, __, 887, 907;883
881, 883, __, 907, 911;887
883, 887, __, 911, 919;907
887, 907, __, 919, 929;911
907, 911, __, 929, 937;919
911, 919, __, 937, 941;929
919, 929, __, 941, 947;937
929, 937, __, 947, 953;941
937, 941, __, 953, 967;947
941, 947, __, 967, 971;953
947, 953, __, 971, 977;967
953, 967, __, 977, 983;971
967, 971, __, 983, 991;977
971, 977, __, 991, 997;983
